5888120096
5049583473
2203702751
2858763971
1650075097
5803934320
1789650353
5991987849
3710674180
5998034714
5332195677
1815338681
1756667731
5741801557
2010226570
5157260204
3873269316
1916133155
1213239282
3170069837
1671194705
2584846067
5833583486
5528297702
1965428461
5662197754
1618051664
3077513805
5734754596
5268263838
1864205810
3948428528
1653603955
5245117948
5576042657
5166184780
5466021767
3901429666
5726297299
3218538512
2944398347
2385341970
2616380702
3830094995
1776845763
3196080442
2492866750
5165540827
1852405495
2913123917
2080114694
3711006937
1802741635
2470560610
1924561841
1797007051
2938101741
2191588464
5084473431
1959526475
5581363016
1866882821
2289537274
5690791987
5882998192
2014570227
5849554671
2169350055
5332101295
1882345883
5669328912
5393754682
3884592975
5532980792
3182179917
2686948620
1948247017
5287096766
1945569325
5186027114
2856990302
5521456757
2144287705
5226383199
1844421834
1828356934
5745465819
1288739185
5599900376
1087770692
1683304193
3948713134
5862098997
2807684421
5623750477
2035753911
5540466595
3147292215
1748440995
5823997358
1780449083
5639849121
3926578837
5565691983
1812885040
1760192800
1732355402
3242346400
5350846894
1730338264
5740367818
3341507382
5310675167
1788283193
5743672670
1275017594
2326437920
1749774442
1778330365
1826792401
1729370543
2025994775
5659134235
2239966112
2817145687
1727649181
3172106785
2182038504
5345090591
5041690655
3873636259
2477339061
1750746200
1580203504
2634018890
5729064277
3986255971
5743447374
3623353053
1955711110
5621509969
5664589333
1794255475
5559271057
1608574203
1264001683
1757187541
1965681503
2287831411
2805468830
2668793651
1629076373
1658719597
3186749260
2787539312
2950662342
1784019910
2965472162
5337329746
2827023387
1761587065
3925522573
1827683445
1752515674
2304946844
1712570933
1733443650
1822965637
1223179064
1262456801
5346449636
5112477755
1749254813
2150152830
2006277991
3550897432
1876046381
3261134763
2549228714
5626139459
2657303805
1863956870
1868478315
2477021675
1862364383
5347613156
1996712263
1927564525
3450091462
1195054531
1815418641
1594281497
1596931083
2672331597
1280761142
2556731693
1234692083
1613265794
5149686285
5606752094
3125046087
1880246651
1742741072
5443673845
5598482653
1950692025
2142058927
3554780871
2678672182
1188552450
1763990660
1289928835
1309248901
1511458473
5075902902
1259193624
3952070245
2382356540
5322295654
1848174240
5608433557
1907542963
5029956456
1692544657
1533789260
1223178222
2715025067
1977920167
1291477752
1237869662
5466592990
1785075474
1642351362
5355634266
1746575865
1933363545
2485505015
3023647735
3944135868
1747513637
1817719627
1214435497
1191044977
5598101731
5110432155
5590046102
5384198911
5347564165
2693996135
5318656476
1253280721
2180356942
1678105910
5187664653
2366517924
5154200142
1300957955
5101863971
1642591402
2218242243
1757353251
1644395354
2430259303
1832973455
5357651574
3203922320
2881320672
1771140437
3228016330
5394206608
2185608961
2656274875
